import React, { useEffect } from "react"
import "./home.css"
import { motion } from "framer-motion"

const Blob = () => {
  return (
    <div className="container-svg">
      <svg
        xmlns="http://www.w3.org/2000/svg"
        preserveAspectRatio="none"
        viewBox="0 0 800 500"
        className="blob-one"
      >
        <g transform="translate(132.761 -6.133)">
          <defs>
            <linearGradient id="a" x1="0%" x2="0%" y1="0%" y2="100%">
              <stop offset="0%" style={{ stopColor: "#004cf5" }} />
              <stop offset="100%" style={{ stopColor: "#e044de" }} />
            </linearGradient>
          </defs>
          <path fill="url(#a)" class="blob">
            <animate
              repeatCount="indefinite"
              attributeName="d"
              dur="20000ms"
              values="M412,279.5Q421,309,431,354Q441,399,413.5,429Q386,459,339.5,439.5Q293,420,262,449Q231,478,205,444.5Q179,411,152.5,397.5Q126,384,87,371.5Q48,359,69.5,318Q91,277,83.5,249Q76,221,54.5,177Q33,133,58,100.5Q83,68,122,57Q161,46,199.5,75Q238,104,262,105.5Q286,107,306,120Q326,133,358.5,136.5Q391,140,424,159.5Q457,179,430,214.5Q403,250,412,279.5Z;

                M411,274Q391,298,391,329Q391,360,381.5,398.5Q372,437,335.5,441Q299,445,269,411Q239,377,205,403.5Q171,430,143.5,413Q116,396,117,359Q118,322,115,297.5Q112,273,65,242Q18,211,35.5,177.5Q53,144,84.5,124.5Q116,105,142,84Q168,63,201,57.5Q234,52,262,72.5Q290,93,320.5,94Q351,95,394,99.5Q437,104,459.5,137Q482,170,456.5,210Q431,250,411,274Z;
                
                M435.5,281Q430,312,394.5,323.5Q359,335,362.5,381.5Q366,428,331,430Q296,432,267,413Q238,394,201,420Q164,446,164,394.5Q164,343,137,334.5Q110,326,118,298.5Q126,271,98,245.5Q70,220,83,193.5Q96,167,92,120.5Q88,74,122,55Q156,36,197.5,78.5Q239,121,269,89Q299,57,316,90Q333,123,376,120.5Q419,118,396.5,162.5Q374,207,407.5,228.5Q441,250,435.5,281Z;
                
                M451,283Q442,316,423.5,343.5Q405,371,372.5,379Q340,387,312,386Q284,385,259.5,408Q235,431,194,450.5Q153,470,144,422.5Q135,375,102.5,361.5Q70,348,74,313.5Q78,279,46,245Q14,211,35,178Q56,145,105,145Q154,145,155,91Q156,37,193,20.5Q230,4,265.5,26Q301,48,325.5,72.5Q350,97,387.5,105.5Q425,114,430.5,150Q436,186,448,218Q460,250,451,283Z;
                
                M457.83411,278.2687Q413.61218,306.53739,399.31778,330.88319Q385.02339,355.22899,369.8715,382.6799Q354.71961,410.13082,321.46261,405.97661Q288.2056,401.82241,259.5,444.27333Q230.7944,486.72424,209.24531,439.46029Q187.69623,392.19634,164.50232,379.91827Q141.3084,367.64019,90.93459,365.1799Q40.56078,362.71961,47.71498,322.43691Q54.86918,282.1542,63.87381,251.3084Q72.87844,220.46261,99.66115,201.65652Q126.44385,182.85043,136.01632,159.71961Q145.58879,136.58879,157.6285,100.98831Q169.66821,65.38782,202.46261,65.71023Q235.257,66.03265,261.8201,81.19854Q288.38319,96.36444,324.4486,88.79671Q360.51401,81.22899,388.0257,101.2944Q415.53739,121.35981,407.36918,159.98831Q399.20097,198.61681,450.6285,224.3084Q502.05603,250,457.83411,278.2687Z;
                
                M412,279.5Q421,309,431,354Q441,399,413.5,429Q386,459,339.5,439.5Q293,420,262,449Q231,478,205,444.5Q179,411,152.5,397.5Q126,384,87,371.5Q48,359,69.5,318Q91,277,83.5,249Q76,221,54.5,177Q33,133,58,100.5Q83,68,122,57Q161,46,199.5,75Q238,104,262,105.5Q286,107,306,120Q326,133,358.5,136.5Q391,140,424,159.5Q457,179,430,214.5Q403,250,412,279.5Z;"
            ></animate>
          </path>
        </g>
      </svg>
      <svg
        xmlns="http://www.w3.org/2000/svg"
        preserveAspectRatio="none"
        viewBox="0 0 800 500"
        className="blob-two"
      >
        <g transform="translate(132.761 -6.133)">
          <defs>
            <linearGradient id="a" x1="0%" x2="0%" y1="0%" y2="100%">
              <stop offset="0%" style={{ stopColor: "#004cf5" }} />
              <stop offset="100%" style={{ stopColor: "#e044de" }} />
            </linearGradient>
          </defs>
          <path fill="url(#a)" class="blob">
            <animate
              repeatCount="indefinite"
              attributeName="d"
              dur="20000ms"
              values="M412,279.5Q421,309,431,354Q441,399,413.5,429Q386,459,339.5,439.5Q293,420,262,449Q231,478,205,444.5Q179,411,152.5,397.5Q126,384,87,371.5Q48,359,69.5,318Q91,277,83.5,249Q76,221,54.5,177Q33,133,58,100.5Q83,68,122,57Q161,46,199.5,75Q238,104,262,105.5Q286,107,306,120Q326,133,358.5,136.5Q391,140,424,159.5Q457,179,430,214.5Q403,250,412,279.5Z;

              M435.5,281Q430,312,394.5,323.5Q359,335,362.5,381.5Q366,428,331,430Q296,432,267,413Q238,394,201,420Q164,446,164,394.5Q164,343,137,334.5Q110,326,118,298.5Q126,271,98,245.5Q70,220,83,193.5Q96,167,92,120.5Q88,74,122,55Q156,36,197.5,78.5Q239,121,269,89Q299,57,316,90Q333,123,376,120.5Q419,118,396.5,162.5Q374,207,407.5,228.5Q441,250,435.5,281Z;

                M411,274Q391,298,391,329Q391,360,381.5,398.5Q372,437,335.5,441Q299,445,269,411Q239,377,205,403.5Q171,430,143.5,413Q116,396,117,359Q118,322,115,297.5Q112,273,65,242Q18,211,35.5,177.5Q53,144,84.5,124.5Q116,105,142,84Q168,63,201,57.5Q234,52,262,72.5Q290,93,320.5,94Q351,95,394,99.5Q437,104,459.5,137Q482,170,456.5,210Q431,250,411,274Z;
                
                
                M457.83411,278.2687Q413.61218,306.53739,399.31778,330.88319Q385.02339,355.22899,369.8715,382.6799Q354.71961,410.13082,321.46261,405.97661Q288.2056,401.82241,259.5,444.27333Q230.7944,486.72424,209.24531,439.46029Q187.69623,392.19634,164.50232,379.91827Q141.3084,367.64019,90.93459,365.1799Q40.56078,362.71961,47.71498,322.43691Q54.86918,282.1542,63.87381,251.3084Q72.87844,220.46261,99.66115,201.65652Q126.44385,182.85043,136.01632,159.71961Q145.58879,136.58879,157.6285,100.98831Q169.66821,65.38782,202.46261,65.71023Q235.257,66.03265,261.8201,81.19854Q288.38319,96.36444,324.4486,88.79671Q360.51401,81.22899,388.0257,101.2944Q415.53739,121.35981,407.36918,159.98831Q399.20097,198.61681,450.6285,224.3084Q502.05603,250,457.83411,278.2687Z;

                M451,283Q442,316,423.5,343.5Q405,371,372.5,379Q340,387,312,386Q284,385,259.5,408Q235,431,194,450.5Q153,470,144,422.5Q135,375,102.5,361.5Q70,348,74,313.5Q78,279,46,245Q14,211,35,178Q56,145,105,145Q154,145,155,91Q156,37,193,20.5Q230,4,265.5,26Q301,48,325.5,72.5Q350,97,387.5,105.5Q425,114,430.5,150Q436,186,448,218Q460,250,451,283Z;
                
                
                M412,279.5Q421,309,431,354Q441,399,413.5,429Q386,459,339.5,439.5Q293,420,262,449Q231,478,205,444.5Q179,411,152.5,397.5Q126,384,87,371.5Q48,359,69.5,318Q91,277,83.5,249Q76,221,54.5,177Q33,133,58,100.5Q83,68,122,57Q161,46,199.5,75Q238,104,262,105.5Q286,107,306,120Q326,133,358.5,136.5Q391,140,424,159.5Q457,179,430,214.5Q403,250,412,279.5Z;"
            ></animate>
          </path>
        </g>
      </svg>
    </div>
  )
}

export default Blob
